0 31.400000
1 35.400000
2 31.700000
3 33.500000
4 26.200000
5 25.500000
6 25.100000
7 24.700000
8 25.900000
9 23.400000
10 22.000000
11 19.100000
12 15.800000
13 16.400000
14 14.800000
15 15.200000
16 15.200000
17 15.200000
18 15.000000
19 31.200000
20 26.600000
21 35.500000
22 28.800000
23 31.400000
24 30.300000
25 29.900000
26 30.100000
27 24.500000
28 29.300000
29 23.900000
30 23.100000
31 20.100000
32 26.800000
33 21.500000
34 19.100000
35 17.000000
36 15.600000
37 15.100000
38 14.800000
39 14.500000
40 14.200000
41 15.000000
42 19.800000
43 27.100000
44 31.300000
45 32.100000
46 33.500000
47 30.300000
48 31.800000
49 33.900000
50 31.300000
51 29.300000
52 26.300000
53 26.200000
54 26.200000
55 27.400000
56 26.200000
57 24.400000
58 20.800000
59 17.100000
60 15.400000
61 17.300000
62 14.000000
63 13.700000
64 13.200000
65 14.200000
66 15.700000
67 28.500000
68 29.500000
69 30.500000
70 28.600000
71 29.000000
72 30.400000
73 29.400000
74 35.300000
75 27.800000
76 27.100000
77 25.200000
78 25.200000
79 23.600000
80 24.100000
81 22.900000
82 19.700000
83 18.300000
84 17.800000
85 16.700000
86 15.300000
87 15.800000
88 15.600000
89 15.400000
90 18.700000
91 22.300000
92 26.700000
93 26.700000
94 26.500000
95 27.000000
96 28.600000
97 28.400000
98 28.800000
99 26.400000
100 26.300000
101 25.100000
102 24.400000
103 23.700000
104 23.100000
105 21.200000
106 19.300000
107 18.700000
108 16.700000
109 15.900000
110 15.300000
111 15.300000
112 14.600000
113 15.500000
114 15.700000
115 19.500000
116 26.400000
117 33.900000
118 27.700000
119 34.600000
120 31.800000
121 32.600000
122 31.000000
123 31.600000
124 22.900000
125 25.600000
126 26.300000
127 21.800000
128 25.200000
129 23.400000
130 20.900000
131 19.500000
132 17.900000
133 17.600000
134 14.500000
135 17.300000
136 16.400000
137 15.700000
138 19.200000
139 22.000000
140 36.600000
141 37.400000
142 39.300000
143 18.900000
152 29.600000
153 23.300000
154 21.900000
155 26.400000
156 22.500000
157 9.700000
158 26.500000
159 19.600000
160 18.900000
161 18.800000
162 23.400000
163 33.100000
164 34.600000
165 36.000000
166 43.300000
167 43.900000
168 38.600000
169 45.100000
170 44.300000
171 43.200000
172 44.100000
173 32.400000
174 38.200000
175 36.800000
176 35.400000
177 29.300000
178 23.600000
179 22.300000
180 20.000000
181 19.100000
182 15.200000
183 17.500000
184 17.300000
185 19.100000
186 22.700000
187 34.200000
188 36.600000
189 30.800000
190 38.200000
191 36.200000
192 36.400000
193 31.000000
194 34.300000
195 36.000000
196 32.200000
197 25.600000
198 31.900000
199 29.800000
200 29.500000
201 22.100000
202 20.000000
203 25.900000
204 16.900000
205 20.000000
206 17.500000
207 16.700000
208 17.100000
209 14.300000
210 22.300000
211 24.000000
212 27.600000
213 22.300000
214 27.800000
215 28.300000
216 29.400000
217 31.700000
218 25.700000
219 30.500000
220 27.700000
221 26.200000
222 25.200000
223 17.800000
224 31.900000
225 22.100000
226 20.100000
227 15.600000
228 16.800000
229 14.100000
230 14.800000
231 12.000000
232 17.100000
233 12.200000
234 19.200000
235 22.400000
236 28.300000
237 34.000000
238 29.600000
239 34.000000
240 31.100000
241 30.700000
242 28.600000
243 23.700000
244 27.400000
245 24.400000
246 25.100000
247 21.500000
248 24.600000
249 23.500000
250 20.300000
251 14.300000
252 15.200000
253 14.800000
254 9.600000
255 16.400000
256 14.300000
257 14.500000
258 17.900000
259 18.800000
260 20.100000
261 30.000000
262 29.700000
263 30.500000
264 25.600000
265 28.200000
266 22.700000
267 33.600000
268 22.700000
269 20.800000
270 27.100000
271 27.400000
272 20.400000
273 24.100000
274 19.800000
275 18.300000
276 15.400000
277 17.800000
278 13.900000
279 20.100000
280 11.700000
281 19.800000
282 13.200000
283 19.100000
284 27.700000
285 34.100000
286 34.300000
287 29.700000
288 37.600000
289 36.400000
290 34.100000
291 30.900000
292 27.100000
293 26.700000
294 27.200000
295 26.800000
296 25.600000
297 22.500000
298 19.900000
299 14.900000
300 14.500000
301 20.000000
302 17.300000
303 16.600000
304 16.300000
305 15.700000
306 13.600000
307 15.700000
308 22.300000
309 21.500000
310 33.500000
311 27.200000
312 27.700000
313 28.400000
314 27.500000
315 25.800000
316 22.000000
317 21.400000
318 21.600000
319 21.600000
320 18.600000
321 20.900000
340 27.300000
341 17.600000
342 24.300000
343 20.800000
344 20.200000
345 19.500000
346 18.400000
347 17.600000
348 16.300000
349 16.800000
350 16.100000
351 16.200000
352 16.000000
353 15.400000
354 15.400000
355 18.000000
356 21.100000
357 28.700000
358 22.800000
359 25.800000
360 4.100000
363 15.800000
364 15.500000
365 16.400000
366 16.600000
367 16.600000
368 15.900000
369 15.000000
370 14.400000
371 13.100000
372 9.900000
373 11.200000
374 10.800000
375 10.400000
376 10.200000
377 10.200000
378 10.300000
379 14.100000
380 13.800000
381 12.500000
382 18.500000
383 15.300000
384 17.300000
385 18.700000
386 15.200000
387 15.200000
388 16.000000
389 16.000000
390 15.800000
391 16.400000
392 15.800000
393 14.300000
394 13.700000
395 13.600000
396 11.200000
397 10.300000
398 10.100000
399 10.000000
400 10.000000
401 9.900000
402 9.300000
403 11.500000
404 14.500000
405 16.400000
406 16.700000
407 17.400000
408 17.200000
409 17.200000
410 17.500000
411 17.400000
412 17.100000
413 18.100000
414 20.200000
415 16.800000
416 20.100000
417 22.000000
418 17.400000
419 16.500000
420 15.800000
421 9.800000
422 10.900000
423 12.500000
424 10.600000
425 11.000000
426 16.900000
427 19.000000
428 20.600000
429 19.900000
430 19.900000
431 21.100000
432 23.200000
433 23.300000
434 25.200000
435 23.500000
436 20.000000
437 20.000000
438 13.300000
439 26.200000
440 19.300000
441 20.200000
442 15.800000
443 12.300000
444 13.600000
445 12.500000
446 11.500000
447 11.400000
448 11.400000
449 11.100000
450 16.200000
451 17.900000
452 18.600000
453 21.900000
454 25.800000
455 17.100000
456 20.500000
457 22.000000
458 20.200000
459 22.700000
460 19.800000
461 20.200000
462 20.600000
463 21.100000
464 19.900000
465 17.500000
466 19.600000
467 12.600000
468 13.400000
469 11.900000
470 11.900000
471 11.700000
472 11.400000
473 10.800000
474 13.600000
475 13.000000
476 18.300000
477 24.100000
478 22.000000
479 18.900000
480 22.100000
481 21.800000
482 23.600000
483 19.800000
484 22.800000
485 17.600000
486 25.600000
487 20.800000
488 19.400000
489 18.700000
490 16.000000
491 13.600000
492 12.500000
493 10.700000
494 13.000000
495 12.600000
496 11.200000
497 12.100000
498 15.300000
499 17.100000
500 26.700000
501 23.300000
528 26.500000
529 23.500000
530 24.600000
531 21.000000
532 24.500000
533 19.600000
534 23.000000
535 21.500000
536 21.700000
537 17.600000
538 21.100000
539 15.000000
540 13.700000
541 13.200000
542 12.800000
543 12.600000
544 11.000000
545 9.100000
546 12.100000
547 14.700000
548 20.600000
549 24.300000
550 24.700000
551 22.300000
552 22.500000
553 24.700000
554 26.100000
555 25.100000
556 20.300000
557 20.200000
558 19.500000
559 20.300000
560 20.500000
561 17.500000
562 16.100000
563 15.000000
564 13.900000
565 12.000000
566 13.800000
567 12.600000
568 11.900000
569 11.900000
570 17.400000
571 17.300000
572 19.100000
573 22.700000
574 23.500000
575 21.900000
576 18.900000
577 28.100000
578 23.700000
579 26.100000
580 22.100000
581 20.400000
582 19.600000
583 20.400000
584 19.300000
585 17.500000
586 14.800000
587 14.500000
588 14.300000
589 14.100000
590 12.800000
591 12.600000
592 13.000000
593 12.800000
594 12.900000
595 17.600000
596 18.500000
597 18.800000
598 18.800000
599 19.900000
600 20.100000
601 19.700000
602 19.400000
603 20.200000
604 19.300000
605 19.500000
606 20.000000
607 20.600000
608 19.300000
609 18.700000
610 16.300000
611 15.300000
612 12.500000
613 12.900000
614 13.300000
615 12.300000
616 12.500000
617 12.300000
618 12.200000
619 14.200000
620 16.800000
621 21.000000
622 21.900000
623 22.300000
624 24.400000
625 25.100000
626 24.300000
627 24.900000
628 22.600000
629 20.700000
630 21.200000
631 21.700000
632 20.900000
633 20.200000
634 18.200000
635 17.100000
636 14.700000
637 17.300000
638 13.600000
639 13.300000
640 13.400000
641 13.300000
642 13.700000
643 16.900000
644 21.800000
645 24.100000
646 23.100000
647 26.400000
648 24.100000
649 25.100000
650 24.700000
651 22.000000
652 20.500000
653 9.700000
669 23.600000
670 24.200000
671 25.200000
672 28.500000
673 20.300000
674 23.200000
675 27.000000
676 18.800000
677 25.600000
678 21.000000
679 20.700000
680 21.300000
681 18.400000
682 17.500000
683 13.600000
684 11.800000
685 11.600000
686 11.500000
687 12.600000
688 11.300000
689 10.400000
690 13.100000
691 17.100000
692 19.000000
693 34.600000
694 25.300000
695 25.000000
696 27.900000
697 28.700000
698 27.000000
699 27.400000
700 21.000000
701 20.400000
702 20.300000
703 21.200000
704 22.700000
705 18.000000
706 15.600000
707 16.000000
708 12.600000
709 11.900000
710 12.700000
711 11.400000
712 11.600000
713 11.800000
714 19.800000
715 19.800000
716 23.700000
717 26.000000
718 29.300000
719 23.000000
720 21.800000
721 24.200000
722 30.100000
723 26.300000
724 20.300000
725 19.800000
726 19.400000
727 19.000000
728 22.000000
729 17.900000
730 15.700000
731 16.000000
732 12.400000
733 11.400000
734 13.600000
735 11.400000
736 11.700000
737 11.500000
738 14.500000
739 21.800000
740 24.600000
741 23.200000
742 25.500000
743 24.300000
744 24.300000
745 27.900000
746 23.600000
747 25.100000
748 22.900000
749 24.600000
750 21.800000
751 21.300000
752 20.800000
753 21.000000
754 15.700000
755 13.500000
756 13.100000
757 12.400000
758 12.200000
759 11.800000
760 13.400000
761 11.800000
762 11.200000
763 13.000000
764 17.700000
765 17.100000
766 21.200000
767 20.400000
768 24.400000
769 21.600000
770 22.000000
771 19.600000
772 21.900000
773 18.100000
774 18.100000
775 21.700000
776 15.900000
777 21.000000
778 18.200000
779 14.900000
780 13.800000
781 13.200000
782 12.300000
783 11.300000
784 11.900000
785 13.600000
786 11.600000
787 13.500000
788 17.100000
789 16.900000
790 17.200000
791 18.300000
792 18.200000
793 20.800000
794 22.900000
795 20.600000
796 19.300000
797 18.800000
798 19.900000
799 21.600000
800 18.200000
801 19.800000
802 17.000000
803 14.400000
804 13.000000
805 11.900000
806 13.600000
807 12.100000
808 13.200000
809 11.600000
810 14.000000
811 18.400000
812 25.400000
813 27.100000
814 23.900000
815 22.500000
816 25.200000
817 21.900000
818 24.900000
819 26.100000
820 20.100000
821 24.000000
822 18.400000
823 21.600000
824 21.400000
825 22.700000
826 17.400000
827 14.200000
828 12.400000
829 11.700000
830 11.800000
831 13.000000
832 11.400000
833 10.900000
834 21.100000
835 18.700000
836 19.300000
837 24.700000
838 22.100000
839 21.800000
840 22.200000
841 25.700000
842 23.400000
843 23.000000
844 20.200000
845 21.000000
846 23.500000
847 20.600000
848 22.400000
849 18.200000
850 5.800000
863 19.700000
864 21.000000
865 22.800000
866 21.000000
867 23.800000
868 20.900000
869 22.600000
870 20.300000
871 20.400000
872 21.100000
873 17.800000
874 15.800000
875 15.200000
876 16.100000
877 12.300000
878 12.700000
879 12.100000
880 11.900000
881 13.300000
882 13.300000
883 16.500000
884 19.900000
885 22.200000
886 21.100000
887 20.400000
888 22.800000
889 24.600000
890 28.100000
891 21.900000
892 20.800000
893 20.500000
894 20.000000
895 20.500000
896 21.400000
897 18.700000
898 16.300000
899 16.900000
900 13.500000
901 13.300000
902 13.900000
903 13.200000
904 13.200000
905 12.300000
906 17.400000
907 15.700000
908 22.500000
909 22.800000
910 22.500000
911 22.900000
912 26.000000
913 25.900000
914 26.200000
915 23.300000
916 22.200000
917 20.500000
918 20.100000
919 19.700000
920 18.800000
921 17.400000
922 13.300000
923 15.000000
924 11.800000
925 14.600000
926 12.100000
927 11.400000
928 11.400000
929 11.000000
930 11.200000
931 10.800000
932 15.900000
933 14.400000
934 20.900000
935 18.800000
936 18.900000
937 16.200000
938 20.300000
939 20.000000
940 19.600000
941 19.600000
942 16.000000
943 19.900000
944 18.100000
945 15.200000
946 15.700000
947 15.700000
948 13.700000
949 10.300000
950 11.400000
951 7.600000
952 14.800000
953 11.400000
954 11.300000
955 12.400000
956 16.900000
957 18.000000
958 12.700000
959 22.000000
960 18.000000
961 18.000000
962 18.800000
963 18.700000
964 13.600000
965 21.200000
966 17.600000
967 18.300000
968 17.500000
969 15.400000
970 18.900000
971 13.400000
972 11.400000
973 10.900000
974 10.900000
975 10.900000
976 10.700000
977 10.900000
978 13.300000
979 16.500000
980 17.700000
981 21.700000
982 22.800000
983 21.300000
984 21.800000
985 21.700000
986 23.100000
987 23.200000
988 19.800000
989 20.500000
990 21.100000
991 21.100000
992 19.200000
993 17.600000
994 15.400000
995 14.700000
996 11.800000
997 11.100000
998 11.100000
999 12.600000
1000 9.000000
1001 12.900000
1002 14.200000
1003 16.600000
1004 21.900000
1005 27.900000
1006 24.500000
1007 22.300000
1008 22.300000
1009 23.500000
1010 24.000000
1011 22.700000
1012 14.300000
1013 30.900000
1014 21.200000
1015 19.000000
1016 18.500000
1017 17.200000
1018 17.700000
1019 12.800000
1020 12.700000
1021 11.600000
1022 11.300000
1023 13.500000
1024 11.500000
1025 9.400000
1026 16.600000
1027 15.700000
1028 23.100000
1029 22.300000
