0 31.4
1 35.4
2 31.7
3 33.5
4 26.2
5 25.5
6 25.1
7 24.7
8 25.9
9 23.4
10 22
11 19.1
12 15.8
13 16.4
14 14.8
15 15.2
16 15.2
17 15.2
18 15
19 31.2
20 26.6
21 35.5
22 28.8
23 31.4
24 30.3
25 29.9
26 30.1
27 24.5
28 29.3
29 23.9
30 23.1
31 20.1
32 26.8
33 21.5
34 19.1
35 17
36 15.6
37 15.1
38 14.8
39 14.5
40 14.2
41 15
42 19.8
43 27.1
44 31.3
45 32.1
46 33.5
47 30.3
48 31.8
49 33.9
50 31.3
51 29.3
52 26.3
53 26.2
54 26.2
55 27.4
56 26.2
57 24.4
58 20.8
59 17.1
60 15.4
61 17.3
62 14
63 13.7
64 13.2
65 14.2
66 15.7
67 28.5
68 29.5
69 30.5
70 28.6
71 29
72 30.4
73 29.4
74 35.3
75 27.8
76 27.1
77 25.2
78 25.2
79 23.6
80 24.1
81 22.9
82 19.7
83 18.3
84 17.8
85 16.7
86 15.3
87 15.8
88 15.6
89 15.4
90 18.7
91 22.3
92 26.7
93 26.7
94 26.5
95 27
96 28.6
97 28.4
98 28.8
99 26.4
100 26.3
101 25.1
102 24.4
103 23.7
104 23.1
105 21.2
106 19.3
107 18.7
108 16.7
109 15.9
110 15.3
111 15.3
112 14.6
113 15.5
114 15.7
115 19.5
116 26.4
117 33.9
118 27.7
119 34.6
120 31.8
121 32.6
122 31
123 31.6
124 22.9
125 25.6
126 26.3
127 21.8
128 25.2
129 23.4
130 20.9
131 19.5
132 17.9
133 17.6
134 14.5
135 17.3
136 16.4
137 15.7
138 19.2
139 22
140 36.6
141 37.4
142 39.3
143 18.9
152 29.6
153 23.3
154 21.9
155 26.4
156 22.5
157 9.7
158 26.5
159 19.6
160 18.9
161 18.8
162 23.4
163 33.1
164 34.6
165 36
166 43.3
167 43.9
168 38.6
169 45.1
170 44.3
171 43.2
172 44.1
173 32.4
174 38.2
175 36.8
176 35.4
177 29.3
178 23.6
179 22.3
180 20
181 19.1
182 15.2
183 17.5
184 17.3
185 19.1
186 22.7
187 34.2
188 36.6
189 30.8
190 38.2
191 36.2
192 36.4
193 31
194 34.3
195 36
196 32.2
197 25.6
198 31.9
199 29.8
200 29.5
201 22.1
202 20
203 25.9
204 16.9
205 20
206 17.5
207 16.7
208 17.1
209 14.3
210 22.3
211 24
212 27.6
213 22.3
214 27.8
215 28.3
216 29.4
217 31.7
218 25.7
219 30.5
220 27.7
221 26.2
222 25.2
223 17.8
224 31.9
225 22.1
226 20.1
227 15.6
228 16.8
229 14.1
230 14.8
231 12
232 17.1
233 12.2
234 19.2
235 22.4
236 28.3
237 34
238 29.6
239 34
240 31.1
241 30.7
242 28.6
243 23.7
244 27.4
245 24.4
246 25.1
247 21.5
248 24.6
249 23.5
250 20.3
251 14.3
252 15.2
253 14.8
254 9.6
255 16.4
256 14.3
257 14.5
258 17.9
259 18.8
260 20.1
261 30
262 29.7
263 30.5
264 25.6
265 28.2
266 22.7
267 33.6
268 22.7
269 20.8
270 27.1
271 27.4
272 20.4
273 24.1
274 19.8
275 18.3
276 15.4
277 17.8
278 13.9
279 20.1
280 11.7
281 19.8
282 13.2
283 19.1
284 27.7
285 34.1
286 34.3
287 29.7
288 37.6
289 36.4
290 34.1
291 30.9
292 27.1
293 26.7
294 27.2
295 26.8
296 25.6
297 22.5
298 19.9
299 14.9
300 14.5
301 20
302 17.3
303 16.6
304 16.3
305 15.7
306 13.6
307 15.7
308 22.3
309 21.5
310 33.5
311 27.2
312 27.7
313 28.4
314 27.5
315 25.8
316 22
317 21.4
318 21.6
319 21.6
320 18.6
321 20.9
340 27.3
341 17.6
342 24.3
343 20.8
344 20.2
345 19.5
346 18.4
347 17.6
348 16.3
349 16.8
350 16.1
351 16.2
352 16
353 15.4
354 15.4
355 18
356 21.1
357 28.7
358 22.8
359 25.8
360 4.1
363 15.8
364 15.5
365 16.4
366 16.6
367 16.6
368 15.9
369 15
370 14.4
371 13.1
372 9.9
373 11.2
374 10.8
375 10.4
376 10.2
377 10.2
378 10.3
379 14.1
380 13.8
381 12.5
382 18.5
383 15.3
384 17.3
385 18.7
386 15.2
387 15.2
388 16
389 16
390 15.8
391 16.4
392 15.8
393 14.3
394 13.7
395 13.6
396 11.2
397 10.3
398 10.1
399 10
400 10
401 9.9
402 9.3
403 11.5
404 14.5
405 16.4
406 16.7
407 17.4
408 17.2
409 17.2
410 17.5
411 17.4
412 17.1
413 18.1
414 20.2
415 16.8
416 20.1
417 22
418 17.4
419 16.5
420 15.8
421 9.8
422 10.9
423 12.5
424 10.6
425 11
426 16.9
427 19
428 20.6
429 19.9
430 19.9
431 21.1
432 23.2
433 23.3
434 25.2
435 23.5
436 20
437 20
438 13.3
439 26.2
440 19.3
441 20.2
442 15.8
443 12.3
444 13.6
445 12.5
446 11.5
447 11.4
448 11.4
449 11.1
450 16.2
451 17.9
452 18.6
453 21.9
454 25.8
455 17.1
456 20.5
457 22
458 20.2
459 22.7
460 19.8
461 20.2
462 20.6
463 21.1
464 19.9
465 17.5
466 19.6
467 12.6
468 13.4
469 11.9
470 11.9
471 11.7
472 11.4
473 10.8
474 13.6
475 13
476 18.3
477 24.1
478 22
479 18.9
480 22.1
481 21.8
482 23.6
483 19.8
484 22.8
485 17.6
486 25.6
487 20.8
488 19.4
489 18.7
490 16
491 13.6
492 12.5
493 10.7
494 13
495 12.6
496 11.2
497 12.1
498 15.3
499 17.1
500 26.7
501 23.3
528 26.5
529 23.5
530 24.6
531 21
532 24.5
533 19.6
534 23
535 21.5
536 21.7
537 17.6
538 21.1
539 15
540 13.7
541 13.2
542 12.8
543 12.6
544 11
545 9.1
546 12.1
547 14.7
548 20.6
549 24.3
550 24.7
551 22.3
552 22.5
553 24.7
554 26.1
555 25.1
556 20.3
557 20.2
558 19.5
559 20.3
560 20.5
561 17.5
562 16.1
563 15
564 13.9
565 12
566 13.8
567 12.6
568 11.9
569 11.9
570 17.4
571 17.3
572 19.1
573 22.7
574 23.5
575 21.9
576 18.9
577 28.1
578 23.7
579 26.1
580 22.1
581 20.4
582 19.6
583 20.4
584 19.3
585 17.5
586 14.8
587 14.5
588 14.3
589 14.1
590 12.8
591 12.6
592 13
593 12.8
594 12.9
595 17.6
596 18.5
597 18.8
598 18.8
599 19.9
600 20.1
601 19.7
602 19.4
603 20.2
604 19.3
605 19.5
606 20
607 20.6
608 19.3
609 18.7
610 16.3
611 15.3
612 12.5
613 12.9
614 13.3
615 12.3
616 12.5
617 12.3
618 12.2
619 14.2
620 16.8
621 21
622 21.9
623 22.3
624 24.4
625 25.1
626 24.3
627 24.9
628 22.6
629 20.7
630 21.2
631 21.7
632 20.9
633 20.2
634 18.2
635 17.1
636 14.7
637 17.3
638 13.6
639 13.3
640 13.4
641 13.3
642 13.7
643 16.9
644 21.8
645 24.1
646 23.1
647 26.4
648 24.1
649 25.1
650 24.7
651 22
652 20.5
653 9.7
669 23.6
670 24.2
671 25.2
672 28.5
673 20.3
674 23.2
675 27
676 18.8
677 25.6
678 21
679 20.7
680 21.3
681 18.4
682 17.5
683 13.6
684 11.8
685 11.6
686 11.5
687 12.6
688 11.3
689 10.4
690 13.1
691 17.1
692 19
693 34.6
694 25.3
695 25
696 27.9
697 28.7
698 27
699 27.4
700 21
701 20.4
702 20.3
703 21.2
704 22.7
705 18
706 15.6
707 16
708 12.6
709 11.9
710 12.7
711 11.4
712 11.6
713 11.8
714 19.8
715 19.8
716 23.7
717 26
718 29.3
719 23
720 21.8
721 24.2
722 30.1
723 26.3
724 20.3
725 19.8
726 19.4
727 19
728 22
729 17.9
730 15.7
731 16
732 12.4
733 11.4
734 13.6
735 11.4
736 11.7
737 11.5
738 14.5
739 21.8
740 24.6
741 23.2
742 25.5
743 24.3
744 24.3
745 27.9
746 23.6
747 25.1
748 22.9
749 24.6
750 21.8
751 21.3
752 20.8
753 21
754 15.7
755 13.5
756 13.1
757 12.4
758 12.2
759 11.8
760 13.4
761 11.8
762 11.2
763 13
764 17.7
765 17.1
766 21.2
767 20.4
768 24.4
769 21.6
770 22
771 19.6
772 21.9
773 18.1
774 18.1
775 21.7
776 15.9
777 21
778 18.2
779 14.9
780 13.8
781 13.2
782 12.3
783 11.3
784 11.9
785 13.6
786 11.6
787 13.5
788 17.1
789 16.9
790 17.2
791 18.3
792 18.2
793 20.8
794 22.9
795 20.6
796 19.3
797 18.8
798 19.9
799 21.6
800 18.2
801 19.8
802 17
803 14.4
804 13
805 11.9
806 13.6
807 12.1
808 13.2
809 11.6
810 14
811 18.4
812 25.4
813 27.1
814 23.9
815 22.5
816 25.2
817 21.9
818 24.9
819 26.1
820 20.1
821 24
822 18.4
823 21.6
824 21.4
825 22.7
826 17.4
827 14.2
828 12.4
829 11.7
830 11.8
831 13
832 11.4
833 10.9
834 21.1
835 18.7
836 19.3
837 24.7
838 22.1
839 21.8
840 22.2
841 25.7
842 23.4
843 23
844 20.2
845 21
846 23.5
847 20.6
848 22.4
849 18.2
850 5.8
863 19.7
864 21
865 22.8
866 21
867 23.8
868 20.9
869 22.6
870 20.3
871 20.4
872 21.1
873 17.8
874 15.8
875 15.2
876 16.1
877 12.3
878 12.7
879 12.1
880 11.9
881 13.3
882 13.3
883 16.5
884 19.9
885 22.2
886 21.1
887 20.4
888 22.8
889 24.6
890 28.1
891 21.9
892 20.8
893 20.5
894 20
895 20.5
896 21.4
897 18.7
898 16.3
899 16.9
900 13.5
901 13.3
902 13.9
903 13.2
904 13.2
905 12.3
906 17.4
907 15.7
908 22.5
909 22.8
910 22.5
911 22.9
912 26
913 25.9
914 26.2
915 23.3
916 22.2
917 20.5
918 20.1
919 19.7
920 18.8
921 17.4
922 13.3
923 15
924 11.8
925 14.6
926 12.1
927 11.4
928 11.4
929 11
930 11.2
931 10.8
932 15.9
933 14.4
934 20.9
935 18.8
936 18.9
937 16.2
938 20.3
939 20
940 19.6
941 19.6
942 16
943 19.9
944 18.1
945 15.2
946 15.7
947 15.7
948 13.7
949 10.3
950 11.4
951 7.6
952 14.8
953 11.4
954 11.3
955 12.4
956 16.9
957 18
958 12.7
959 22
960 18
961 18
962 18.8
963 18.7
964 13.6
965 21.2
966 17.6
967 18.3
968 17.5
969 15.4
970 18.9
971 13.4
972 11.4
973 10.9
974 10.9
975 10.9
976 10.7
977 10.9
978 13.3
979 16.5
980 17.7
981 21.7
982 22.8
983 21.3
984 21.8
985 21.7
986 23.1
987 23.2
988 19.8
989 20.5
990 21.1
991 21.1
992 19.2
993 17.6
994 15.4
995 14.7
996 11.8
997 11.1
998 11.1
999 12.6
1000 9
1001 12.9
1002 14.2
1003 16.6
1004 21.9
1005 27.9
1006 24.5
1007 22.3
1008 22.3
1009 23.5
1010 24
1011 22.7
1012 14.3
1013 30.9
1014 21.2
1015 19
1016 18.5
1017 17.2
1018 17.7
1019 12.8
1020 12.7
1021 11.6
1022 11.3
1023 13.5
1024 11.5
1025 9.4
1026 16.6
1027 15.7
1028 23.1
1029 22.3
502 19.6103
503 19.6076
504 19.6109
505 19.6213
506 19.6396
507 19.6665
508 19.7025
509 19.748
510 19.8031
511 19.8678
512 19.9421
513 20.0257
514 20.1182
515 20.2194
516 20.3285
517 20.4451
518 20.5684
519 20.6979
520 20.833
521 20.9728
522 21.1168
523 21.2644
524 21.4149
525 21.5679
526 21.7229
527 21.8795
