13149
2015-03-01 00:00:00
2015-04-30 23:59:59
1
13149
2015-05-01 00:00:00
2015-06-30 23:59:59
1
13149
2015-07-01 00:00:00
2015-08-31 23:59:59
1
13149
2015-09-01 00:00:00
2015-10-31 23:59:59
1
13149
2015-11-01 00:00:00
2015-12-31 23:59:59
1
13149
2015-01-01 00:00:00
2016-02-29 23:59:59
1
13149
2016-03-01 00:00:00
2016-04-30 23:59:59
1
13149
2016-05-01 00:00:00
2016-06-30 23:59:59
1
13149
2016-07-01 00:00:00
2016-08-31 23:59:59
1
13149
2016-09-01 00:00:00
2016-10-31 23:59:59
1
13149
2016-11-01 00:00:00
2016-12-31 23:59:59
1
1682
1683
1684
1685
1686
1687
1688
1689
1690
1691
1692
1693
1694
1695
1696
1697
1698
1699
1700
1701
1702
1703
1704
1705
1706
1707
1708
1709
1710
1711
1712
1713
1714
1715
1716
1717
1718
1719
1720
1721
1722
1723
1724
1725
1726
1727
1728
1729
1730
1731
1732
1733
1734
1735
1736
1737
1738
1739
1740
1741
1742
1743
1744
1745
1746
1747
1748
1749
1750
1751
1752
1753
1754
1755
1756
1757
1758
1759
1760
1761
1762
1763
1764
1765
1766
1767
1768
1769
1770
1771
1772
1773
1774
1775
1776
1777
1778
1779
1780
1781
1782
1783
1784
1785
1786
1787
1788
1789
1790
1791
1792
1793
1794
3618
4387
4388
4389
4390
4391
4392
4393
4394
4395
4965
5005
5045
5058
5068
5078
5089
5111
5122
5400
5401
5402
5403
5404
5405
5406
5407
5408
5409
5410
5411
5412
5413
5414
5415
5416
5417
5418
5419
5420
5421
5422
5423
5424
5425
5426
5430
5431
5432
5433
5434
5435
5436
5437
5438
5439
5440
5441
7844
13125
13127
13142
13143
13144
13145
13146
13147
13160
13163
13166
13176
13191
13231
13271
13295
13311
13427
13432
13474
13475
13476
13477
13480
13481
13482
13489
13505
13507
13509
13518
13541
13548
13550
13551
13552
13553
13554
13555
13559
13584
13586
13588
13589
13590
13600
13601
13609
13610
13613
13617
13618
13624
13635
13642
13644
13647
13649
13659
13667
13668
13670
13673
13678
13679
13681
13693
13704
13715
13751
13759
13775
13780
13781
13783
13784
13786
13791
13806
13810
13818
13819
13820
13825
13828
13831
13832
13836
13840
13844
13849
13850
13857
13858
13868
13873
13875
13880
13882
13883
13886
13887
13891
13892
13895
13907
13910
13919
13923
17630
17678
17686
17710
17718
17734
17750
17758
17893
17925
18206
18222
18270
18302
18334
18374
18382
18390
18406
18422
18454
18502
18558
18582
21445
21477
21501
21509
21621
21629
22091
22099
22165
22181
22189
22459
22499
22507
22587
22803
22811
23824
23880
23979
24019
24147
200010
200039
200040
200041
200042
200043
200044
200045
200046
200047
200048
200049
200050
200051
200052
200063
200064
200070
200071
200073
200074
200075
200076
200077
200078
200079
200080
200081
200082
200083
200084
200085
200086
200087
200088
200089
200090
200091
200092
200093
200094
200095
200096
200097
200098
200099
200100
200101
200102
200103
200132
200133
200134
200135
200136
200137
200139
200140
200141
200142
200143
200144
200154
200155
200156
200157
200158
200159
200160
200161
200162
200163
200164
200165
200166
200167
200168
200169
200170
200171
200173
200174
200177
200178
200179
200183
200184
200185
200186
200187
200188
200189
200190
200191
200193
200200
200201
200203
200204
200205
200206
200405
200406
200407
200408
200409
200414
200415
200417
200419
200420
200422
200424
200461
200533
200535
200536
200539
200540
200542
200543
200546
200547
200548
200554
200556
200566
200569
200570
200573
200574
200577
200581
200582
200583
200584
200586
200587
200588
200590
200591
200592
200594
200595
200597
200598
200600
200601
200602
200604
200605
200606
