4.47486442  4.35034748  4.41968413  4.79030263  4.52694448  4.27490285  4.58139165  4.03367474  4.14141171  3.90233058  4.00269287  4.06154249  3.55483702  3.04775691  2.63355593  2.61694140  2.68260046  2.68284572  2.49897090  2.54283591  2.79584203  3.92045602  4.55077600  4.99143087  4.91793439  5.00312642  
5.56438792  5.10731320  5.66375199  5.22655008  4.98807631  5.40540541  4.82909380  4.39189189  4.05405405  3.99443561  3.69634340  3.33863275  3.10015898  2.70270270  2.54372019  2.42448331  2.00715421  2.38473768  2.32511924  2.42448331  2.76232114  3.23926868  4.33227345  4.27265501  4.41176471  4.80922099  

22.51751776  21.89094851  22.23985054  24.10480282  22.77958465  21.51131115  23.05356278  20.29745128  20.83958374  19.63652750  20.14155055  20.43768179  17.88793989  15.33631276  13.25205342  13.16844910  13.49884553  13.50007965  12.57482156  12.79555030  14.06867711  19.72773470  22.89950482  25.11688012  24.74704583  25.17573215  
28.00000000  25.70000000  28.50000000  26.30000000  25.10000000  27.20000000  24.30000000  22.10000000  20.40000000  20.10000000  18.60000000  16.80000000  15.60000000  13.60000000  12.80000000  12.20000000  10.10000000  12.00000000  11.70000000  12.20000000  13.90000000  16.30000000  21.80000000  21.50000000  22.20000000  24.20000000  

4.43749912  4.71805943  5.03249851  4.48656589  5.27968701  4.68531257  4.68895373  4.71584661  4.22500648  4.65643303  4.02332825  4.02206194  3.52521560  3.44671931  2.96350326  3.05163341  2.83524921  2.84852868  2.93796747  2.92048402  2.90438048  2.69349859  3.56528149  3.74705768  3.61513137  3.97409684  
4.58103131  5.43278085  4.90331492  5.04143646  5.73204420  4.83425414  5.11049724  4.09760589  4.35082873  4.71915285  4.16666667  3.70626151  3.08471455  2.96961326  2.62430939  2.87753223  2.44014733  2.53222836  2.87753223  2.62430939  2.62430939  2.80847145  3.61418048  3.72928177  4.65009208  3.86740331  

19.27649618  20.49525015  21.86117353  19.48964222  22.93496039  20.35299781  20.36881501  20.48563769  18.35342816  20.22754508  17.47733791  17.47183707  15.31353657  14.97254869  12.87345818  13.25629555  12.31632257  12.37400858  12.76253067  12.68658260  12.61662881  11.70055789  15.48758278  16.27721856  15.70413069  17.26347666  
19.90000000  23.60000000  21.30000000  21.90000000  24.90000000  21.00000000  22.20000000  17.80000000  18.90000000  20.50000000  18.10000000  16.10000000  13.40000000  12.90000000  11.40000000  12.50000000  10.60000000  11.00000000  12.50000000  11.40000000  11.40000000  12.20000000  15.70000000  16.20000000  20.20000000  16.80000000  

5.36606690  5.44224609  5.05835314  5.41504397  5.74341155  4.75110231  4.72960082  4.93271218  5.47178870  5.63811753  5.47450621  4.50915873  2.39021197  1.71903211  1.60408926  1.64786978  1.58028841  1.71408365  1.63353808  1.47566065  1.83551254  3.16844614  4.34789407  5.16454387  4.61880951  4.56791183  
4.50191571  3.58620690  3.98084291  4.38850575  4.59770115  4.64521073  5.33409962  6.45977011  6.68659004  7.28582375  4.74176245  2.38850575  2.16091954  1.81379310  1.72413793  1.70038314  1.58697318  1.60996169  1.63448276  1.76628352  2.94482759  4.13716475  6.16015326  5.10651341  4.62145594  4.43601533  

700.27173002  710.21311420  660.11508528  706.66323869  749.51520679  620.01885128  617.21290636  643.71894001  714.06842478  735.77433718  714.42306032  588.44521478  311.92266221  224.33369026  209.33364826  215.04700688  206.22763808  223.68791611  213.17671984  192.57371465  239.53438622  413.48222129  567.40017560  673.97297500  602.75464161  596.11249429  
587.50000000  468.00000000  519.50000000  572.70000000  600.00000000  606.20000000  696.10000000  843.00000000  872.60000000  950.80000000  618.80000000  311.70000000  282.00000000  236.70000000  225.00000000  221.90000000  207.10000000  210.10000000  213.30000000  230.50000000  384.30000000  539.90000000  803.90000000  666.40000000  603.10000000  578.90000000  

4.63674441  5.04992391  4.80123844  5.31449200  5.37162266  4.61081429  4.81921531  4.84381399  4.14007453  4.37224428  4.02099256  3.78681933  3.10139019  3.11031239  2.84830362  2.77255845  2.80898381  2.61363630  2.62627942  2.93247691  2.91703201  3.33719199  3.56162657  3.87175302  3.95327706  3.77718254  
3.48322527  3.37336238  4.51453937  4.36593869  4.70378297  4.58883971  5.12545326  5.16419105  5.92434066  5.66079673  4.81745613  3.43305667  2.91231925  2.55478856  2.24742648  2.26774794  2.22710502  2.15343972  2.15343972  2.17249109  2.53065683  3.29906204  5.36804069  4.93684471  5.14450463  4.87715042  

730.14350502  795.20646867  756.04621586  836.86774146  845.86404864  726.06031589  758.87701597  762.75054567  651.93339677  688.49293530  633.18167761  596.30665282  488.37281122  489.77778195  448.51952262  436.59200627  442.32787162  411.56669396  413.55759413  461.77420583  459.34211364  525.50428507  560.84577461  609.68107652  622.51858490  594.78915797  
548.50000000  531.20000000  710.90000000  687.50000000  740.70000000  722.60000000  807.10000000  813.20000000  932.90000000  891.40000000  758.60000000  540.60000000  458.60000000  402.30000000  353.90000000  357.10000000  350.70000000  339.10000000  339.10000000  342.10000000  398.50000000  519.50000000  845.30000000  777.40000000  810.10000000  768.00000000  

7.22509894  4.76065698  5.22874030  5.33670052  5.18261055  4.03777857  4.23005805  4.73260975  5.20124735  5.53809240  4.64754701  3.47473357  1.74715687  1.27110533  1.15880953  1.19760385  1.25138778  1.15271006  1.30678858  1.33080573  2.41251714  4.84615297  5.39747005  6.74943357  5.99465339  4.58753114  
6.12861961  6.27979998  5.88440516  6.16350738  6.25654146  6.05884405  4.89591813  4.59355739  4.70984998  4.44237702  4.75636702  1.67461333  1.22107222  0.88382370  0.89545296  0.91871148  0.89545296  0.69775555  1.02337481  1.13966740  1.10477963  5.38434702  4.79125480  7.87300849  6.45423886  4.87265961  

62.12862579  40.93688934  44.96193786  45.89028780  44.56526810  34.72085793  36.37426920  40.69571122  44.72552593  47.62205657  39.96425676  29.87923399  15.02380190  10.93023477  9.96460318  10.29819550  10.76068353  9.91215383  11.23707501  11.44359850  20.74523485  41.67206943  46.41284497  58.03837924  51.54802451  39.44818030  
52.70000000  54.00000000  50.60000000  53.00000000  53.80000000  52.10000000  42.10000000  39.50000000  40.50000000  38.20000000  40.90000000  14.40000000  10.50000000  7.60000000  7.70000000  7.90000000  7.70000000  6.00000000  8.80000000  9.80000000  9.50000000  46.30000000  41.20000000  67.70000000  55.50000000  41.90000000  

6.73983286  5.71994901  5.91205014  5.74672497  5.93699628  5.36077291  5.25437438  5.56117442  4.98798582  4.61636395  3.89941650  2.96714608  1.36392069  1.35483635  1.33584176  1.44170948  1.33912159  1.33479632  1.49388514  1.57352353  2.50433111  3.30345903  3.87686186  4.13241805  3.78040773  4.48573250  3.97636754  
6.95399260  7.37704918  7.74722369  6.30178036  5.85228274  5.96686057  4.94447382  6.14313414  5.19125683  5.48210823  5.29702098  1.30442447  0.89899524  0.81085845  0.85492685  0.66102591  0.72272166  0.92543628  0.77560374  1.11052353  1.33967918  3.55191257  3.60479464  4.55667195  3.02309184  4.18649744  4.41565309  

76.47014361  64.89854147  67.07812092  65.20234155  67.36115977  60.82332949  59.61613173  63.09708493  56.59368717  52.37726534  44.24277956  33.66523940  15.47504419  15.37197318  15.15646066  16.35763580  15.19367358  15.14459900  16.94962084  17.85319793  28.41414082  37.48104614  43.98687462  46.88641515  42.89250607  50.89512098  45.11586611  
78.90000000  83.70000000  87.90000000  71.50000000  66.40000000  67.70000000  56.10000000  69.70000000  58.90000000  62.20000000  60.10000000  14.80000000  10.20000000  9.20000000  9.70000000  7.50000000  8.20000000  10.50000000  8.80000000  12.60000000  15.20000000  40.30000000  40.90000000  51.70000000  34.30000000  47.50000000  50.10000000  

