15.80000000  15.50000000  16.40000000  16.60000000  16.60000000  15.90000000  15.00000000  14.40000000  13.10000000  9.90000000  11.20000000  10.80000000  10.40000000  10.20000000  10.20000000  10.30000000  14.10000000  13.80000000  12.50000000  18.50000000  15.30000000  17.30000000  18.70000000  15.20000000  15.20000000  16.00000000  
28.00000000  25.70000000  28.50000000  26.30000000  25.10000000  27.20000000  24.30000000  22.10000000  20.40000000  20.10000000  18.60000000  16.80000000  15.60000000  13.60000000  12.80000000  12.20000000  10.10000000  12.00000000  11.70000000  12.20000000  13.90000000  16.30000000  21.80000000  21.50000000  22.20000000  24.20000000  

21.80000000  22.00000000  21.70000000  24.80000000  20.50000000  19.80000000  19.50000000  20.60000000  23.00000000  17.60000000  14.00000000  12.70000000  14.60000000  12.70000000  13.00000000  12.60000000  14.80000000  13.20000000  12.80000000  14.40000000  17.10000000  18.30000000  22.30000000  17.60000000  18.10000000  19.10000000  
19.90000000  23.60000000  21.30000000  21.90000000  24.90000000  21.00000000  22.20000000  17.80000000  18.90000000  20.50000000  18.10000000  16.10000000  13.40000000  12.90000000  11.40000000  12.50000000  10.60000000  11.00000000  12.50000000  11.40000000  11.40000000  12.20000000  15.70000000  16.20000000  20.20000000  16.80000000  

128.90000000  183.60000000  212.50000000  207.00000000  239.90000000  231.20000000  239.90000000  207.00000000  177.30000000  93.00000000  93.00000000  83.60000000  96.10000000  81.20000000  78.10000000  128.90000000  132.10000000  324.20000000  300.00000000  401.50000000  446.90000000  303.10000000  393.00000000  414.10000000  435.10000000  471.10000000  
587.50000000  468.00000000  519.50000000  572.70000000  600.00000000  606.20000000  696.10000000  843.00000000  872.60000000  950.80000000  618.80000000  311.70000000  282.00000000  236.70000000  225.00000000  221.90000000  207.10000000  210.10000000  213.30000000  230.50000000  384.30000000  539.90000000  803.90000000  666.40000000  603.10000000  578.90000000  

843.00000000  873.40000000  1028.90000000  689.90000000  870.30000000  935.90000000  843.00000000  782.80000000  663.30000000  371.90000000  321.10000000  305.40000000  288.30000000  270.30000000  282.00000000  254.70000000  270.30000000  275.80000000  221.90000000  345.30000000  521.90000000  546.10000000  665.60000000  632.80000000  681.30000000  735.10000000  
548.50000000  531.20000000  710.90000000  687.50000000  740.70000000  722.60000000  807.10000000  813.20000000  932.90000000  891.40000000  758.60000000  540.60000000  458.60000000  402.30000000  353.90000000  357.10000000  350.70000000  339.10000000  339.10000000  342.10000000  398.50000000  519.50000000  845.30000000  777.40000000  810.10000000  768.00000000  

6.30000000  8.50000000  8.80000000  8.10000000  23.80000000  45.70000000  40.70000000  43.40000000  28.90000000  19.20000000  8.40000000  8.00000000  8.80000000  8.40000000  8.30000000  6.50000000  9.10000000  9.40000000  11.30000000  37.00000000  38.60000000  39.30000000  43.80000000  30.60000000  47.10000000  43.60000000  
52.70000000  54.00000000  50.60000000  53.00000000  53.80000000  52.10000000  42.10000000  39.50000000  40.50000000  38.20000000  40.90000000  14.40000000  10.50000000  7.60000000  7.70000000  7.90000000  7.70000000  6.00000000  8.80000000  9.80000000  9.50000000  46.30000000  41.20000000  67.70000000  55.50000000  41.90000000  

67.50000000  56.60000000  60.40000000  61.50000000  47.00000000  50.20000000  48.30000000  57.80000000  45.00000000  16.50000000  8.20000000  9.50000000  7.80000000  8.00000000  9.50000000  6.90000000  9.50000000  8.90000000  22.20000000  41.70000000  44.20000000  54.80000000  46.30000000  44.70000000  45.50000000  53.00000000  46.20000000  
78.90000000  83.70000000  87.90000000  71.50000000  66.40000000  67.70000000  56.10000000  69.70000000  58.90000000  62.20000000  60.10000000  14.80000000  10.20000000  9.20000000  9.70000000  7.50000000  8.20000000  10.50000000  8.80000000  12.60000000  15.20000000  40.30000000  40.90000000  51.70000000  34.30000000  47.50000000  50.10000000  

