4.80568962  4.88344187  5.29091136  4.99955078  4.71876141  5.06275676  4.45584365  4.57448076  4.31025262  4.42271864  4.48723647  3.93024078  3.36830026  2.90872207  2.89135749  2.96350129  2.96375847  2.76076123  2.80836665  3.08814853  4.33203011  5.02600679  5.51500968  5.43215272  
5.69844789  6.31929047  5.83148559  5.56541020  6.03104213  5.38802661  4.90022173  4.52328160  4.45676275  4.12416851  3.72505543  3.45898004  3.01552106  2.83813747  2.70509978  2.23946785  2.66075388  2.59423503  2.70509978  3.08203991  3.61419069  4.83370288  4.76718404  4.92239468  

21.67366018  22.02432282  23.86201021  22.54797400  21.28161398  22.83303298  20.09585485  20.63090823  19.43923932  19.94646106  20.23743649  17.72538594  15.19103418  13.11833652  13.04002230  13.36539084  13.36655069  12.45103314  12.66573358  13.92754987  19.53745578  22.66729064  24.87269364  24.49900877  
25.70000000  28.50000000  26.30000000  25.10000000  27.20000000  24.30000000  22.10000000  20.40000000  20.10000000  18.60000000  16.80000000  15.60000000  13.60000000  12.80000000  12.20000000  10.10000000  12.00000000  11.70000000  12.20000000  13.90000000  16.30000000  21.80000000  21.50000000  22.20000000  

5.14995077  5.49483464  4.89913327  5.76498344  5.11752054  5.11633155  5.14693771  4.61180257  5.08212605  4.39246611  4.38859735  3.84900427  3.76264153  3.23582335  3.33033787  3.09877122  3.10990974  3.20761732  3.19177809  3.17252976  2.94329728  3.89476234  4.09037560  3.94846765  
5.93412120  5.35579583  5.50666331  6.26100075  5.28036208  5.58209706  4.47573548  4.75232587  5.15463918  4.55116922  4.04827760  3.36937390  3.24365099  2.86648227  3.14307267  2.66532562  2.76590395  3.14307267  2.86648227  2.86648227  3.06763892  3.94769927  4.07342218  5.07920543  

20.48135420  21.85295735  19.48385303  22.92733913  20.35237918  20.34765057  20.46937126  18.34113881  20.21161529  17.46883771  17.45345167  15.30748997  14.96402535  12.86886947  13.24475370  12.32381314  12.36811104  12.75669408  12.69370148  12.61715084  11.70549329  15.48946984  16.26742376  15.70305584  
23.60000000  21.30000000  21.90000000  24.90000000  21.00000000  22.20000000  17.80000000  18.90000000  20.50000000  18.10000000  16.10000000  13.40000000  12.90000000  11.40000000  12.50000000  10.60000000  11.00000000  12.50000000  11.40000000  11.40000000  12.20000000  15.70000000  16.20000000  20.20000000  

6.04331327  5.61578272  6.01341818  6.37487387  5.27384935  5.25034188  5.47760808  6.07558173  6.25955890  6.07743046  5.01042567  2.65574331  1.90974692  1.78206491  1.83025232  1.75505698  1.90337081  1.81419933  1.63847545  2.03746888  3.51631884  4.82493359  5.73356517  5.12661935  
3.93820055  4.37157090  4.81924669  5.04897506  5.10114780  5.85765256  7.09380996  7.34289273  8.00094248  5.20717628  2.62294254  2.37301828  1.99182066  1.89336565  1.86727928  1.74273789  1.76798277  1.79491063  1.93964792  3.23386852  4.54323606  6.76478508  5.60772830  5.07506143  

718.16317527  667.35715585  714.61056343  757.56451161  626.72316154  623.92962735  650.93703429  721.99783104  743.86094147  722.21752637  595.41894468  315.59791218  226.94668451  211.77346527  217.49986501  208.56395126  226.18897378  215.59219217  194.70986899  242.12465187  417.86526601  573.37580839  681.35395068  609.22693699  
468.00000000  519.50000000  572.70000000  600.00000000  606.20000000  696.10000000  843.00000000  872.60000000  950.80000000  618.80000000  311.70000000  282.00000000  236.70000000  225.00000000  221.90000000  207.10000000  210.10000000  213.30000000  230.50000000  384.30000000  539.90000000  803.90000000  666.40000000  603.10000000  

5.51803172  5.24500351  5.80277056  5.86968499  5.03688719  5.25659601  5.27927551  4.51477567  4.76794897  4.38344608  4.12907261  3.38349895  3.39332515  3.11009210  3.02730502  3.06662895  2.85402947  2.86904587  3.20101621  3.18616401  3.64880247  3.89497778  4.23661736  4.32500384  
3.68111764  4.92640537  4.76424770  5.13291385  5.00748420  5.59305355  5.63532542  6.46482426  6.17723694  5.25695753  3.74625790  3.17801308  2.78786451  2.45246147  2.47463688  2.43028606  2.34990021  2.34990021  2.37068966  2.76153121  3.60003881  5.85777248  5.38723805  5.61384300  

796.27404917  756.87498591  837.36300294  847.01902308  726.84296906  758.54783058  761.82057295  651.50018863  688.03410863  632.54880355  595.84169426  488.25243296  489.67039176  448.79873027  436.85222378  442.52682437  411.84786845  414.01479549  461.91944302  459.77621085  526.53679160  562.06087327  611.36083123  624.11535418  
531.20000000  710.90000000  687.50000000  740.70000000  722.60000000  807.10000000  813.20000000  932.90000000  891.40000000  758.60000000  540.60000000  458.60000000  402.30000000  353.90000000  357.10000000  350.70000000  339.10000000  339.10000000  342.10000000  398.50000000  519.50000000  845.30000000  777.40000000  810.10000000  

5.39181756  5.92668783  6.04946839  5.86645230  4.57839407  4.79607965  5.37217862  5.89706505  6.27396991  5.26041576  3.92441996  1.97393549  1.44278268  1.31507428  1.35708708  1.41908002  1.30544365  1.48138035  1.51196163  2.74803484  5.51555851  6.12088378  7.66258200  6.80924659  
7.05605645  6.61178623  6.92538874  7.02992291  6.80778780  5.50111068  5.16137462  5.29204234  4.99150660  5.34430942  1.88161505  1.37201098  0.99307461  1.00614138  1.03227492  1.00614138  0.78400627  1.14987587  1.28054358  1.24134326  6.04991507  5.38350973  8.84620410  7.25205802  

41.26357979  45.35694195  46.29658159  44.89595946  35.03844978  36.70439754  41.11328297  45.13023886  48.01469170  40.25796184  30.03358596  15.10652827  11.04161587  10.06426348  10.38578746  10.86021938  9.99056029  11.33700379  11.57104238  21.03071061  42.21056930  46.84312357  58.64174003  52.11116412  
54.00000000  50.60000000  53.00000000  53.80000000  52.10000000  42.10000000  39.50000000  40.50000000  38.20000000  40.90000000  14.40000000  10.50000000  7.60000000  7.70000000  7.90000000  7.70000000  6.00000000  8.80000000  9.80000000  9.50000000  46.30000000  41.20000000  67.70000000  55.50000000  

6.42071712  6.63657579  6.45338042  6.66497166  6.02233899  5.88317403  6.22743801  5.58541556  5.15135991  4.35430812  3.31448629  1.53517337  1.52473528  1.50485379  1.62143365  1.50874772  1.50040436  1.67832663  1.77093678  2.79252579  3.68734862  4.31767832  4.61138691  4.22504768  5.00723521  
8.32338902  8.74105012  7.11018298  6.60302307  6.73229912  5.57875895  6.93118536  5.85719968  6.18536197  5.97653142  1.47175815  1.01431981  0.91487669  0.96459825  0.74582339  0.81543357  1.04415274  0.87509944  1.25298329  1.51153540  4.00755768  4.06722355  5.14120923  3.41089897  4.72354813  

64.56673138  66.73740616  64.89519350  67.02295502  60.56064085  59.16119807  62.62311665  56.16693886  51.80207525  43.78692241  33.33047415  15.43770336  15.33273793  15.13280973  16.30513676  15.17196708  15.08806627  16.87725256  17.80854025  28.08163933  37.07997775  43.41857322  46.37210673  42.48707944  50.35275730  
83.70000000  87.90000000  71.50000000  66.40000000  67.70000000  56.10000000  69.70000000  58.90000000  62.20000000  60.10000000  14.80000000  10.20000000  9.20000000  9.70000000  7.50000000  8.20000000  10.50000000  8.80000000  12.60000000  15.20000000  40.30000000  40.90000000  51.70000000  34.30000000  47.50000000  

